4 4
A B C D
. E E D
. F F D
. G H I
D
1 1

14
A (0,0) (3,0)
B (0,1) (2,0)
E (1,1) (0,0)
F (2,1) (1,0)
C (0,2) (2,1)
D (0,3) (0,2)
I (3,3) (1,3)
H (3,2) (2,3)
G (3,1) (3,3)
D (0,2) (1,2)
E (0,0) (0,2)
F (1,0) (0,0)
C (2,1) (1,0)
D (1,2) (1,1)
--------------------------------
3 5
A A B B C
A D D E F
G H I . .
A
0 3

25
I (2,2) (2,4)
H (2,1) (2,3)
D (1,1) (2,1)
E (1,3) (1,1)
B (0,2) (1,2)
C (0,4) (0,3)
F (1,4) (0,4)
I (2,4) (1,4)
H (2,3) (2,4)
D (2,1) (2,2)
E (1,1) (2,1)
A (0,0) (0,1)
G (2,0) (0,0)
E (2,1) (1,0)
D (2,2) (2,0)
B (1,2) (2,2)
C (0,3) (1,3)
A (0,1) (0,2)
E (1,0) (0,1)
D (2,0) (1,0)
B (2,2) (2,0)
C (1,3) (2,2)
I (1,4) (2,3)
F (0,4) (1,4)
A (0,2) (0,3)
--------------------------------
4 4
1 2 3 4
A A 6 6
B A 7 .
B 5 . 8
A
2 2

26
7 (2,2) (3,2)
6 (1,2) (2,2)
3 (0,2) (1,3)
2 (0,1) (1,2)
1 (0,0) (0,2)
A (1,0) (0,0)
5 (3,1) (2,1)
B (2,0) (1,0)
7 (3,2) (3,0)
8 (3,3) (3,1)
6 (2,2) (3,2)
2 (1,2) (2,3)
1 (0,2) (2,2)
A (0,0) (0,1)
B (1,0) (0,0)
5 (2,1) (2,0)
1 (2,2) (2,1)
A (0,1) (1,1)
4 (0,3) (0,1)
3 (1,3) (0,2)
2 (2,3) (0,3)
A (1,1) (1,2)
1 (2,1) (1,1)
8 (3,1) (2,1)
6 (3,2) (3,1)
A (1,2) (2,2)
--------------------------------
5 4
A B B C
A B B C
1 2 3 4
5 6 7 8
E . . F
B
3 1

28
6 (3,1) (4,2)
5 (3,0) (4,1)
1 (2,0) (3,1)
A (0,0) (2,0)
B (0,1) (0,0)
3 (2,2) (0,2)
2 (2,1) (1,2)
1 (3,1) (2,2)
5 (4,1) (3,1)
E (4,0) (4,1)
A (2,0) (3,0)
B (0,0) (1,0)
3 (0,2) (0,0)
2 (1,2) (0,1)
1 (2,2) (0,2)
B (1,0) (1,1)
A (3,0) (1,0)
5 (3,1) (4,0)
7 (3,2) (3,0)
B (1,1) (2,1)
1 (0,2) (1,1)
C (0,3) (0,2)
4 (2,3) (0,3)
8 (3,3) (1,3)
F (4,3) (2,3)
6 (4,2) (3,3)
E (4,1) (4,3)
B (2,1) (3,1)
--------------------------------
6 6
A B C D E F
G H I J K L
M N O P Q R
S T U V W X
Y Z a b c d
e f g h i .
A
5 5

37
d (4,5) (5,5)
X (3,5) (4,5)
R (2,5) (3,5)
L (1,5) (2,5)
F (0,5) (1,5)
E (0,4) (0,5)
D (0,3) (0,4)
C (0,2) (0,3)
B (0,1) (0,2)
A (0,0) (0,1)
G (1,0) (0,0)
H (1,1) (1,0)
A (0,1) (1,1)
B (0,2) (0,1)
I (1,2) (0,2)
A (1,1) (1,2)
N (2,1) (1,1)
O (2,2) (2,1)
A (1,2) (2,2)
J (1,3) (1,2)
P (2,3) (1,3)
A (2,2) (2,3)
U (3,2) (2,2)
V (3,3) (3,2)
A (2,3) (3,3)
Q (2,4) (2,3)
W (3,4) (2,4)
A (3,3) (3,4)
b (4,3) (3,3)
c (4,4) (4,3)
A (3,4) (4,4)
R (3,5) (3,4)
X (4,5) (3,5)
A (4,4) (4,5)
i (5,4) (4,4)
d (5,5) (5,4)
A (4,5) (5,5)
--------------------------------
--------------------------------
--------------------------------
--------------------------------
--------------------------------
--------------------------------
--------------------------------
--------------------------------